4
     0
-0.117
0
1
1 504.987 0.3
-0.089
     0
1
0
1 504.987 0.3
    0
0.117
 0
-1
1 504.987 0.3
0.089
    0
-1
 0
1 504.987 0.3
0
0
0
1 504.987 0.3 
-0.01 0.3 -0.1 0.1 
0.05
500 2000
0.0376714 0.0730026   5.62922
   0.264806 -0.00614208     5.91648
 0.131735 0.0940039   4.83691
 0.202109 0.0354542  0.274258
  0.204792 -0.0216208   0.748073
0.0581392 0.0492903   5.17372
  0.188725 0.00677341    1.60239
 0.0940309 -0.0462823    2.95758
 0.188754 0.0546353   3.08306
 0.191723 0.0531257  0.354577
  0.13021 0.0806588   2.49862
 0.0127197 -0.0250185    2.60259
  0.108341 -0.0110835  0.0527685
-0.00365905  0.00730751     5.31262
  0.285846 0.00823997    5.38608
 0.185977 -0.034526   3.75833
 0.0368298 0.00789231    4.97463
  0.248159 -0.0669038    1.91873
0.252884 0.065853 0.463373
  0.053228 -0.0449697   0.268457
  0.132233 -0.0141347    6.16983
 0.297235 0.0507907   1.29351
0.0317326 0.0545067   4.73313
  0.162845 0.00817653    5.12178
   0.261768 -0.00202639     5.34985
0.0239494  0.095144   5.82398
  0.028866 -0.0385401    4.04122
0.0907604  -0.06653   1.26985
-0.000295898    0.0129674      1.38139
   0.15551 0.00218737    3.33466
0.0613052 -0.066512   3.29766
  0.266578 -0.0828033    3.74219
  0.224406 -0.0551004    1.72078
 0.135619 -0.055867   2.77397
  0.278802 -0.0113067    2.53117
 0.193537 0.0949536   3.54518
   0.1926 0.0818481   3.13368
  0.15101 0.0788632    1.2875
  0.195651 -0.0996264    5.77739
 0.280237 0.0204685   2.92762
 0.291492 0.0329983  0.954389
 0.101739 0.0270073  0.552292
 0.217385 0.0544743  0.353105
0.189016 0.074159  1.09177
 0.286727 -0.029064    5.5438
 0.223897 0.0842948   2.53529
  0.109821 -0.0568823    0.82701
0.0903097 0.0945219   5.11683
 0.203291 0.0546236    4.5042
  0.0407587 -0.00565121     2.99696
 0.0811528 -0.0314019    5.16266
 0.262114 0.0487387   3.84737
  0.237656 -0.0402118    1.06042
-0.00300344   0.0367157     3.77452
 0.254996 0.0623824  0.532684
-0.00298545   0.0373189      4.9205
  0.246159 -0.0215544    3.91877
   0.256859 -0.00494354    0.102491
0.00345936 -0.0728901    3.54353
0.00221057 -0.0236488    1.76414
  0.143468 -0.0404223    4.93087
-0.0073131 -0.0204926    3.61384
0.0545947  0.038999   4.17106
0.0430129  0.013583   2.42704
 0.121872 0.0983377   2.07419
 0.197054 0.0268338   5.32715
 0.114704 0.0165178   4.31113
  0.278915 -0.0942215    1.19989
-0.00476291  -0.0240543     3.69472
  0.153643 -0.0945216    4.41212
 0.231934 0.0997697  0.195742
 0.104146 0.0555199  0.738246
  0.203373 -0.0668517    5.87822
 0.289203 0.0791745   3.93753
0.0677137 0.0655159   2.59214
  0.173917 -0.0194301    5.09041
   0.26944 -0.0132825    4.97266
0.00913611 -0.0629754    3.45792
 0.286431 0.0394967   3.75374
0.0491568 0.0482898    3.8997
 0.0937323 -0.0929384    5.92968
-0.00518657   0.0822811     5.81296
0.0416392 0.0273524   1.04761
 0.0712795 -0.0706851    2.31944
0.173754 0.095154  1.25256
  0.273872 -0.0790873    4.99169
 0.0480207 -0.0261122    5.76474
 0.156044 0.0436041   5.69012
 0.0914926 -0.0724133    6.11065
  0.143682 -0.0230245  0.0522524
  0.15073 0.0712428   4.54121
 0.200052 0.0649153   6.15193
   0.15249 -0.0583275    3.18708
0.00365477  -0.068427    6.13645
 0.187971 0.0487818   2.28881
 0.0384979 -0.0435699    6.13413
  0.155931 -0.0354244    2.94608
  0.201567 -0.0192172    3.79792
  0.17604 0.0498334   6.06844
 0.124492 0.0886858    1.1079
0.0340336 0.0413003   5.84538
0.00598152  0.0798533    4.05974
0.0451341 0.0673239   1.63841
 0.284453 0.0447665   2.66602
0.0408025 -0.068236   6.01858
  0.192376 -0.0283783    4.34146
 0.222941 0.0678082   5.98366
 0.0493565 0.00813534    1.76339
  0.152758 0.00827759    2.27035
  0.192686 -0.0518992    4.32039
 0.130267 0.0692066   1.24643
  0.172024 -0.0857903    1.04078
 0.176489 0.0267937   1.47271
 0.217054 0.0100609  0.280232
 0.0289353 -0.0672472    5.86638
 0.0340019 -0.0127944   0.896796
 0.208528 0.0747257   5.00483
 0.0390608 -0.0737357    1.42925
  0.041353 -0.0587307    3.17898
  0.212596 -0.0634115   0.697788
0.0529391  0.033623   4.39556
  0.202335 -0.0909988    4.17641
-0.00678441  -0.0902085     3.39463
  0.221763 -0.0949527   0.739739
-0.00163776   0.0904224    0.951611
 0.174014 0.0753185   1.52741
 0.0814423 -0.0505724    4.86244
  0.295834 -0.0084702     4.7885
 0.0135089 -0.0363417    1.55947
  0.124784 -0.0631851    3.08653
 0.286974 0.0850278  0.382206
 0.118139 -0.074108 0.0895137
 0.227364 -0.075641  0.500294
0.0335171 -0.055707   4.52274
  0.202721 -0.0620924    6.20244
  0.295738 -0.0843183    5.99956
 0.266503 -0.042619   5.69249
 0.295446 0.0359272    2.9486
0.084452 0.087202  4.09913
 0.190592 0.0496907   4.76133
 0.201475 0.0528156    5.0387
  0.172305 -0.0760235    1.50805
  0.122615 -0.0297809    2.43337
  0.289377 -0.0431307    3.89283
-1.68524e-05     0.063549      1.98561
 0.240478 0.0261488   3.56834
 0.165912 0.0640535 0.0833474
   0.26241 0.00801222    1.72152
  0.285343 -0.0150121    6.14408
 0.191351 0.0806954   4.82032
  0.123509 -0.0020509    4.30796
  0.135665 -0.0550121   0.521211
  0.192476 -0.0173309     2.2922
 0.133202 0.0609173   3.69005
   0.175169 -0.00238482     5.43776
0.00895117  0.0831047    1.19088
 0.0941388 -0.0229935    3.88466
 0.0691269 -0.0391311    4.72852
  0.281996 -0.0388257    2.79731
0.0049307 0.0185438   2.62105
   0.13196 -0.0324433     5.3995
   0.266396 -0.00642265     1.93048
0.293637 0.041637  6.21255
  0.0838273 -0.00247617     2.15443
0.0634799 0.0333513   4.54766
   0.18764 -0.0414337    3.74248
0.296593 -0.03543  4.22428
 0.206184 0.0235592   3.76806
 0.0905212 -0.0670357   0.806655
 0.163804 0.0213051   2.85707
 0.0603506 0.00164912   0.895595
 0.298754 0.0898645   4.03384
  0.214587 -0.0168168   0.585334
   0.279537 -0.00994396     1.98442
 0.0657286 -0.0139962    4.36788
0.0345202 0.0481966   1.55483
-0.00830055  -0.0319961     5.68184
 0.0474661 0.00117981    5.27617
 0.266039 0.0341483  0.689106
0.0967732 0.0615056   5.46344
  0.162436 -0.0806513    5.78322
0.0200486 0.0430857   5.72368
0.0318967 0.0302069   1.16105
 0.288812 -0.060351   1.39461
  0.298789 -0.0363257   0.107376
 0.132587 -0.035951   2.46823
 0.278966 0.0257358   1.74688
  0.111389 -0.0874479    5.35807
 0.193456 0.0266827   4.96405
0.0253551 0.0650241   2.84588
  0.133492 -0.0517403   0.811531
  0.125413 -0.0309812   0.974527
  0.287888 -0.0586099    1.29464
  0.048629 -0.0159716    4.59725
 0.156634 0.0831398   5.72938
 0.131983 0.0283536   1.29292
 0.132833 0.0184431   2.06929
  0.176961 -0.0895032    5.60067
  0.134952 -0.0210789    2.66186
-0.00452354  -0.0161474    0.164855
0.0265595   0.04977   5.77682
  0.105531 -0.0538959     1.1551
  0.128477 -0.0784086    5.16304
 0.290948 0.0552467   4.90968
 0.0831687 -0.0300214    5.97566
  0.283514 -0.0198978    2.75818
 0.176009 0.0549858  0.204004
0.0114126 0.0543117   1.63383
  0.194592 -0.0481397    5.78753
 0.0830681 -0.0940224    4.94631
  0.260329 -0.0214782    5.15805
0.0381972 0.0441762    4.7724
 0.277287 0.0398804   5.73921
  0.277626 -0.0748986    1.66297
 0.140929 0.0725294   1.44068
0.0810958 -0.094493   4.04094
0.0584291 0.0709858   5.02779
 0.204302 0.0226952   3.47571
0.0495395 0.0818428    6.1466
  0.269014 -0.0435096    1.01594
0.106529 0.060397   5.3095
  0.196815 -0.0243098    1.02225
   0.259992 -0.00718598      1.3023
  0.116313 -0.0443267    3.42605
  0.129543 -0.0214775    6.07162
 0.0981674 -0.0721298    2.41609
0.00155371  0.0128771    4.15053
  0.243136 0.00524801    2.50295
 0.0476665 -0.0951742  0.0830747
 0.284965 0.0447432    5.8729
 0.237287 0.0702233   5.84483
  0.186086 -0.0130883    2.00633
  0.279746 -0.0333457    4.99912
0.0794671  0.087882   1.40192
0.0155572 0.0726123   5.77828
 0.0749039 -0.0327019    5.32981
 0.0190057 -0.0236315    5.12196
 0.246482 0.0496441   4.37774
  0.102956 0.00241896    1.28572
 0.0628583 -0.0217346    3.81677
  0.271579 -0.0773382    3.45221
-0.00875282   0.0270342     4.65033
 0.208486 0.0321748   5.59613
 0.0934421 -0.0508265   0.267977
  0.208173 -0.0722085   0.284627
0.00103714  0.0911263    5.32749
  0.185303 -0.0693298    1.33854
 0.233627 0.0325289   3.35888
  0.121205 0.00398427     1.5255
 0.270786 0.0457072   3.41245
  0.100667 -0.0134731    1.35105
0.0326484 0.0536563   5.16106
 0.0247828 -0.0456306    5.41234
 0.0415948 -0.0826044     3.4655
 0.157599 0.0288414   0.60059
 0.00210242 -0.00874337     1.89174
  0.276081 -0.0670132    4.78175
0.0518882 0.0939477   5.20881
 0.146244 0.0104443    3.9668
 0.0416153 -0.0506374    2.11159
 0.0202272 -0.0766774    3.39278
0.0107407  0.092438   3.27299
 0.0625032 0.00874001    1.97758
 0.205372 0.0895696   4.38821
   0.25035 -0.0287063    2.92869
 0.292968 0.0686971   6.09932
 0.0280428 -0.0434499   0.535837
  0.278546 -0.0501278    5.25597
0.0877324 0.0166763   3.52206
0.0793772 0.0420858   5.78363
 0.045684 0.0256777   5.46571
  0.199244 -0.0544073   0.739726
  0.188194 -0.0707403    2.69646
 0.0614209 -0.0151975    6.25678
   0.17718 -0.0598721    6.23739
 0.0841906 -0.0323836   0.586137
0.272372 0.080591 0.718256
 0.218872 0.0138029   5.39445
0.0402328 0.0661995   1.04992
  0.242784 -0.0429048    5.62667
0.0908977 0.0249102   1.96432
0.0566221  0.083009   1.36233
  0.195773 -0.0351145    6.17962
 0.0705241 -0.0414587     2.9038
  0.135227 0.00854211   0.726535
0.0131187  0.096274   3.32408
  0.047932 -0.0557917    3.57355
  0.257592 -0.0895429    3.99295
0.0956244 -0.098019   5.79313
  0.213483 -0.0863356    3.80864
  0.142581 -0.0426292    1.50464
 0.0413404 -0.0169389    2.47338
  0.221413 -0.0634686   0.468426
 0.207798 0.0413956   5.02119
  0.19778 0.0345801   1.75845
 0.189354 0.0599671   4.18163
-0.00841081   0.0551744     2.27599
  0.138585 -0.0135971    5.80653
 0.115018 0.0612921   1.44898
  0.226323 -0.0506967    6.08964
 0.150629 0.0839433   2.92762
 0.103502 0.0632485   2.00455
 0.0849013 -0.0869074    2.45645
 0.111585 0.0278012   3.18323
0.0861493 0.0740738   4.07644
0.00915614 -0.0104318     3.9716
 0.0520655 -0.0572913   0.256456
 0.228918 0.0451002  0.701089
 0.139126 0.0192581   4.51067
 0.259849 0.0720164  0.898102
  0.13419 0.0802725  0.065359
  0.221189 -0.0258536    1.29263
  0.111711 -0.0284117    3.66729
    0.202017 -0.000733594      3.20469
0.0941526 0.0486037   2.64029
-0.00449224    0.056647     4.29327
0.0130537 0.0198594   5.51647
  0.105076 -0.0407191    1.63278
 0.244658 -0.090462   3.42255
 0.273958 0.0724879  0.440644
  0.171202 -0.0437214    4.85845
  0.152272 -0.0432758    1.41837
  0.168946 -0.0504374    1.15763
 0.133848 0.0788216   5.19286
0.000234003   0.0690466     2.38649
  0.255466 -0.0333636   0.236374
 0.0514106 -0.0813876    3.32466
 0.155137 0.0549254   1.44532
 0.234544 0.0731958   4.84571
    0.15283 0.000861401    0.205897
0.00150553  0.0341372    1.07721
  0.279265 -0.0731536     1.3302
 0.146814 0.0505019   5.40914
    0.1441 0.00454614   0.373253
0.0790038 0.0450613   4.91666
   0.12735 0.00921213    5.64682
  0.264063 -0.0640533    1.54661
  0.160306 -0.0302112    3.55143
  0.252046 -0.0834896    3.00028
 0.150632 0.0124358   3.26021
0.0816682 0.0514345    5.7446
  0.0685251 -0.00660706     1.08642
  0.207949 -0.0981571    1.65783
  0.146069 -0.0722123    5.68366
 0.122872 0.0777091   5.56104
  0.207615 -0.0255363    2.03218
0.00721987 -0.0422597    6.08358
  0.201399 -0.0810369    3.32894
 0.0581903 -0.0128592    2.60146
-0.00271538  -0.0947992     5.80429
 0.114342 0.0537833   5.61321
 0.132942 0.0347381  0.586302
0.0480916 0.0737538   3.80835
0.0597853 0.0116748   5.76463
0.0574197 0.0476472   4.54134
   0.20154 -0.0602463   0.389232
 0.122923 0.0411038   6.12782
  0.181517 -0.0180468    2.39453
 0.179927 0.0642157    4.3741
 0.107658 0.0574556   1.92757
 0.0487124 -0.0743514   0.438246
   0.264495 -0.00471857      1.2449
 0.172199 0.0571639    1.7317
 0.126294 0.0402424 0.0885387
0.0575098 0.0780469   3.91894
 0.0284288 -0.0768184    4.51541
  0.123064 -0.0255372    4.81761
 0.160034 0.0856209   1.15824
 0.168858 0.0589224   2.33323
 0.0847775 -0.0270959    5.95342
  0.044843 -0.0354408    1.98438
  0.114717 -0.0864412   0.688495
  0.277661 -0.0851168    1.53926
   0.111746 0.000290457      4.7283
 0.080121 0.0836619   3.14415
  0.172147 -0.0354984    1.48554
 0.0299642 -0.0355657    0.82078
0.0421128  0.075765   4.64098
  0.173388 -0.0735006    2.67628
 0.018798 -0.015219   5.74662
 0.117533 0.0939118   4.27671
 0.169399 0.0601582   2.90866
  0.266361 -0.0161123    3.63886
  0.195235 -0.0371685    3.70106
0.0805802 0.0909951   2.76964
  0.121419 -0.0979877    6.18088
  0.202841 -0.0799323    2.06058
 0.286851 0.0529477   3.35137
 0.133597 0.0174115   5.31607
 0.0792994 -0.0177311    1.05045
  0.165197 -0.0780215    5.86887
 0.0391771 -0.0314612    3.77461
 0.0851629 -0.0910078    2.57022
0.0393093 0.0567483   6.23797
  0.209442 -0.0124369   0.384519
  0.212076 -0.0340692    4.41297
 0.0301281 0.00915342  0.0202601
  0.199408 -0.0630982    4.04698
  0.264828 -0.0308684    2.79627
  0.288292 -0.0646486    2.50289
   0.22169 -0.0764703    4.55658
  0.113239 -0.0977606    2.00343
 0.242254 0.0847498  0.177228
  0.196581 -0.0522027    4.76832
   0.18021 -0.0392173    5.65553
 0.062815 0.0432091   2.58839
0.228565 0.072498 0.682834
 0.289327 -0.027521   1.97437
  0.163573 -0.0157457    4.20761
 0.123208 0.0385414   3.44682
0.0495765 0.0115908   1.70472
  0.169469 -0.0200564    5.25484
  0.229414 -0.0435753   0.956582
0.0158267 0.0262673   3.36069
0.0888844 0.0207658  0.278627
  0.152291 -0.0214132    2.00564
  0.293316 -0.0250817    4.97594
  0.179959 -0.0453091    1.02783
  0.288877 -0.0555266    2.84836
0.0244242 0.0211849   1.14817
 0.137865 0.0270207   2.62755
  0.089411 0.00208112    3.37654
 0.221266 0.0434538   2.79276
  0.170863 -0.0834216   0.487694
0.012504 -0.05787  1.99636
-0.00156646   0.0143689     2.27016
 0.212772 -0.054954   3.14885
 0.180334 0.0303882  0.288806
 0.284925 -0.026354   4.37152
0.0492033 0.0698217   2.74864
0.00338886 -0.0944964    1.07026
  0.182545 -0.0153761    4.98163
 0.108918 -0.099494   6.11194
0.0374103 -0.077201    1.8112
   0.170064 -0.00708164     2.58431
0.0132989 0.0895497   2.12412
 0.0530778 -0.0881868   0.003937
0.0667949 0.0235032   3.02299
 0.102536 0.0521556   4.21133
 0.061897 0.0160304   4.26858
   0.27359 -0.0276495    2.18219
  0.102567 -0.0288661   0.401399
 0.201482 -0.050071    6.1241
 0.284468 0.0430657   4.17913
  0.179582 -0.0751809    5.73159
0.0481077 0.0725981   4.04833
 0.0175525 -0.0401628    2.25659
-0.00777804   0.0451256    0.171612
0.0468387 0.0511212   4.23724
  0.222479 -0.0395891  0.0533068
0.0638149 0.0298813   2.84807
  0.183166 -0.0229783     4.8424
  0.193336 -0.0812526    4.94665
 0.212099 0.0989436   3.83936
 0.225107 0.0426923  0.828701
0.252937 0.018213  2.23005
  0.145806 -0.0123254    5.80302
  0.241609 -0.0969806    1.53411
  0.293462 -0.0599258    1.05456
  0.134224 -0.0572734    2.57141
  0.178286 -0.0766259    4.66233
 0.133512 0.0329481   1.11573
  0.182637 -0.0425078    3.62474
0.000730114  -0.0953487     3.98485
 0.191612 0.0720464   3.14672
 0.0583982 -0.0103607     2.3347
 0.0511255 -0.0668007     3.0254
 0.0234003 -0.0853879    1.41817
0.0795305 0.0990431   1.41754
 0.216742 0.0688349   1.22317
  0.239164 -0.0466891     4.3547
  0.263702 -0.0426466    4.56758
   0.247747 -0.00426268     2.04615
0.0315912 0.0477179  0.331252
 0.261378 0.0830422   1.85646
  0.166658 -0.0729417    4.96745
 0.0456631 -0.0754086    4.81396
   0.21231 -0.0742883    5.71172
 0.0481933 -0.0896033    4.91547
  0.288405 -0.0935594    1.29065
     0.173 -0.0159651    0.80112
 0.257494 0.0147071    3.4491
0.186897 -0.02863  3.42876
-0.00485521   0.0919037    0.721202
 0.0177665 -0.0136935    0.94403
 0.0594278 -0.0849226   0.900616
0.0692746 0.0573443   1.63382
  0.182101 -0.0435288    1.92215
  0.149883 -0.0719859    3.02294
 0.263352 0.0105218   6.16526
  0.205754 -0.0542115    2.97954
  0.160285 -0.0818852    4.95822
 0.137788 0.0624556   4.32227
 0.29166 0.064381  2.52149
  0.118378 -0.0202554    3.10673
0.0591812 0.0912698   4.93548
-0.00456974   0.0814149    0.371452
  0.140465 -0.0222061    5.59639
  0.184926 -0.0487446    2.19766
 0.246358 0.0708106   4.38363
-1 7 -1 -1 -1 -1 -1 -1 16 7 -1 -1 83 219 372 -1 -1 84 268 -1 10 83 -1 -1 -1 175 84 -1 1210 46 -1 62 -1 839 144 1064 -1 75 19 -1 -1 -1 -1 -1 491 -1 935 30 287 15 839 -1 22 1008 -1 -1 -1 -1 -1 -1 126 518 -1 136 882 839 -1 325 -1 118 -1 -1 283 523 -1 -1 802 899 -1 -1 1455 691 751 -1 -1 -1 -1 -1 882 839 1260 -1 262 303 347 362 -1 -1 -1 -1 -1 882 -1 -1 83 235 1127 22 -1 1139 564 -1 -1 1378 683 1721 -1 535 -1 206 -1 235 935 518 -1 -1 -1 -1 -1 376 -1 -1 1605 1127 -1 -1 -1 1034 -1 -1 -1 1754 -1 -1 -1 1754 -1 -1 399 -1 455 -1 16 -1 -1 -1 -1 1034 412 -1 -1 -1 -1 -1 1127 587 1284 -1 -1 75 -1 -1 399 -1 -1 -1 -1 -1 -1 -1 -1 -1 -1 -1 726 1019 444 1396 -1 882 -1 -1 -1 1634 -1 -1 811 -1 399 568 1455 751 1396 726 -1 1634 -1 685 -1 163 732 912 1427 -1 -1 1680 283 523 -1 -1 22 1008 -1 -1 -1 568 -1 814 -1 -1 -1 -1 -1 -1 702 22 -1 578 672 1721 15 278 372 726 839 -1 -1 866 1494 535 1260 552 839 578 443 108 1127 -1 -1 1064 923 1119 -1 -1 1634 839 1083 1970 -1 692 -1 -1 839 -1 -1 866 -1 -1 839 -1 -1 -1 1234 1243 578 427 1139 -1 1711 543 -1 -1 -1 1034 -1 -1 643 1044 1539 1680 1111 1911 643 -1 -1 343 -1 -1 -1 -1 1127 1338 -1 1034 -1 -1 1494 1223 404 552 51 -1 -1 372 -1 938 -1 -1 1986 935 672 514 -1 1127 -1 1210 -1 -1 1231 -1 -1 -1 -1 -1 882 751 1396 -1 598 1111 347 2 51 723 -1 372 1335 1579 444 -1 1434 1234 -1 -1 -1 219 1191 -1 -1 1127 -1 226 -1 672 -1 -1 -1 256 180 -1 802 359 -1 1386 1954 1127 -1 226 126 518 -1 950 -1 7 1191 -1 -1 -1 1711 -1 190 1659 1064 -1 1338 -1 -1 -1 578 -1 287 1064 -1 1234 -1 -1 347 1375 -1 -1 179 279 -1 -1 283 851 -1 -1 1022 1127 1139 1940 -1 1875 376 1948 126 -1 -1 -1 1127 -1 15 -1 -1 884 -1 -1 287 339 1303 -1 367 651 1799 -1 347 323 -1 -1 1790 1127 108 1721 293 390 -1 -1 -1 1659 1484 -1 1013 -1 1139 518 -1 1303 268 -1 -1 839 220 552 -1 -1 -1 -1 -1 -1 -1 22 -1 876 -1 -1 -1 -1 347 -1 399 -1 219 -1 643 839 1396 726 -1 -1 -1 587 -1 1127 108 1721 -1 1127 -1 1390 -1 -1 306 -1 51 1099 1543 1440 -1 739 -1 819 899 1463 -1 726 1579 543 155 -1 -1 -1 -1 -1 595 -1 -1 -1 -1 1034 -1 -1 -1 1008 -1 -1 950 1806 -1 598 814 1582 -1 598 -1 1500 68 -1 -1 1127 -1 1544 -1 1268 -1 -1 -1 -1 1127 1940 -1 1634 -1 1549 -1 367 899 -1 -1 1754 -1 1344 -1 -1 -1 -1 -1 754 -1 -1 1634 751 711 1970 51 1131 1828 1440 -1 1680 -1 128 -1 699 -1 144 971 1199 643 -1 -1 -1 347 114 1903 1915 220 1234 643 -1 1008 802 -1 608 -1 -1 -1 -1 935 568 619 1563 1396 -1 -1 1754 -1 1324 1063 -1 -1 -1 514 1127 1680 134 1234 839 220 -1 1590 1127 -1 950 -1 1268 -1 -1 -1 1634 -1 293 -1 359 1484 -1 -1 1680 1524 908 1986 287 804 1064 -1 1034 -1 -1 -1 1959 1648 -1 -1 1754 -1 1916 518 1907 964 1338 -1 -1 167 1504 726 416 -1 -1 882 839 372 726 -1 -1 -1 -1 598 1827 347 -1 1619 155 -1 -1 2 1415 -1 -1 -1 1127 328 1938 -1 744 -1 -1 651 -1 -1 -1 -1 1127 -1 1544 -1 1896 -1 -1 1827 -1 -1 -1 1774 438 -1 -1 839 -1 -1 1268 1659 1923 444 912 1659 1019 1288 804 -1 84 -1 1488 1554 1907 1223 2 -1 1174 -1 -1 1127 859 24 1268 1790 1436 376 1660 1771 -1 -1 -1 -1 1127 -1 386 1790 819 372 -1 2 1427 -1 -1 -1 1335 564 -1 1619 -1 839 -1 -1 510 -1 -1 1659 1375 1744 -1 -1 432 -1 -1 -1 1627 1711 -1 -1 -1 1659 514 455 543 1779 -1 751 -1 -1 -1 510 1026 -1 -1 1338 839 220 -1 1063 -1 -1 -1 -1 1760 -1 -1 1127 -1 455 -1 -1 -1 535 22 1294 83 -1 1030 -1 118 -1 990 -1 1243 347 1986 -1 1970 1832 492 1294 1827 -1 -1 -1 1819 1648 -1 -1 1896 -1 -1 -1 1855 -1 1350 1455 1619 751 -1 1210 1127 -1 -1 1427 -1 -1 1509 -1 376 412 1628 -1 1484 -1 -1 -1 -1 -1 -1 -1 919 -1 -1 -1 151 1820 1544 -1 -1 -1 -1 578 -1 443 -1 -1 1427 -1 -1 287 751 416 726 882 1907 -1 220 -1 390 -1 -1 1790 443 1500 108 1570 1855 220 190 -1 1268 -1 -1 22 -1 -1 -1 923 7 -1 -1 1659 1619 1731 372 -1 876 -1 -1 -1 347 -1 -1 -1 884 68 -1 -1 1034 -1 314 1790 443 24 912 -1 1034 -1 -1 1790 952 1660 108 190 819 220 -1 347 323 -1 52 -1 1855 1127 518 1243 39 1131 -1 -1 -1 804 514 -1 -1 -1 -1 -1 1338 -1 -1 62 751 -1 1434 -1 1127 -1 -1 -1 -1 1127 1494 1494 -1 -1 1496 238 411 1120 108 1998 558 10 -1 -1 432 -1 -1 -1 -1 -1 -1 -1 51 1440 -1 -1 -1 -1 -1 518 1223 1509 1434 10 1191 347 2 882 899 372 802 -1 231 1488 -1 -1 568 -1 1274 1986 51 912 1518 167 539 -1 -1 1790 1139 1484 372 -1 -1 1930 -1 814 547 -1 -1 622 -1 1659 114 7 543 1911 -1 1790 935 1311 1268 498 -1 1455 -1 1711 1799 791 -1 -1 1702 220 518 287 1019 1099 -1 -1 -1 -1 -1 -1 235 1127 1494 -1 -1 -1 -1 51 -1 -1 372 -1 -1 -1 -1 -1 443 1668 -1 1698 1186 1139 518 -1 739 531 -1 1774 1582 -1 598 -1 -1 744 -1 -1 1034 -1 1054 -1 -1 1127 1940 587 1619 751 -1 1127 -1 1311 1064 -1 543 -1 -1 -1 1260 -1 1856 1986 -1 151 1268 -1 1127 -1 -1 -1 578 -1 676 -1 943 981 -1 899 -1 -1 866 726 359 -1 372 175 75 231 -1 971 1375 -1 362 -1 -1 -1 -1 -1 427 347 -1 -1 75 876 1369 278 1855 372 118 -1 118 -1 1926 1051 1743 256 1680 22 -1 -1 -1 22 819 -1 -1 -1 1127 1160 1605 -1 -1 -1 -1 -1 -1 -1 -1 1882 1843 839 -1 -1 39 1668 -1 -1 24 492 -1 1054 1330 -1 -1 -1 -1 1875 1268 -1 -1 1916 -1 -1 491 1127 518 1127 -1 1819 -1 -1 568 -1 -1 1127 455 1375 -1 -1 1378 1440 -1 -1 1034 -1 -1 598 1806 347 1378 1407 15 1375 -1 1294 643 -1 -1 587 1647 372 726 -1 888 -1 -1 486 894 -1 582 -1 1660 -1 -1 -1 535 -1 670 10 1827 347 2 1790 287 1160 372 1605 1428 1828 -1 1619 791 -1 -1 -1 350 -1 -1 -1 24 1888 128 726 751 372 -1 -1 902 -1 962 1698 578 1120 518 -1 -1 -1 -1 1294 619 347 1030 1127 175 1319 -1 -1 456 -1 -1 882 51 372 726 -1 839 220 -1 -1 1303 979 -1 1243 1711 51 -1 -1 432 -1 1828 194 1034 -1 -1 1986 -1 175 1268 -1 359 -1 -1 -1 84 -1 -1 1127 -1 1239 -1 -1 395 83 -1 -1 1008 -1 -1 839 -1 -1 726 1647 811 372 882 1127 -1 175 -1 -1 256 1239 -1 1427 1375 912 -1 -1 1127 938 1570 -1 1668 -1 -1 -1 1760 -1 -1 94 751 347 882 -1 1260 -1 1200 -1 1311 1648 564 1790 1659 672 -1 1754 1479 404 -1 -1 568 -1 1274 22 839 372 -1 -1 1754 -1 -1 -1 1008 -1 1688 -1 1534 -1 -1 1158 518 -1 950 643 -1 -1 432 51 -1 -1 912 -1 1948 68 -1 -1 1034 -1 -1 558 1647 347 882 1790 1407 1160 469 1619 768 -1 -1 811 -1 935 1754 -1 1127 -1 -1 -1 1427 347 -1 287 1959 1799 -1 1886 486 -1 -1 2 1659 1064 -1 1150 -1 -1 -1 -1 432 -1 -1 -1 924 -1 -1 343 -1 -1 -1 -1 167 -1 -1 -1 -1 -1 -1 1882 -1 -1 -1 15 543 1375 -1 255 1743 151 568 -1 -1 -1 -1 -1 1034 -1 -1 422 863 -1 558 -1 775 -1 32 114 1127 1139 1940 1111 291 751 -1 -1 888 1344 -1 839 -1 1140 1754 622 1407 1767 -1 -1 443 -1 564 -1 -1 -1 -1 -1 1176 1084 -1 -1 1660 1174 -1 1322 1127 683 1698 -1 1875 1200 924 30 199 1260 676 -1 1472 -1 156 -1 476 -1 -1 -1 1127 1268 -1 -1 -1 167 1734 -1 568 -1 574 587 15 1619 -1 -1 1150 -1 814 643 -1 -1 1680 -1 819 -1 -1 99 1614 347 -1 51 -1 -1 912 -1 1127 108 -1 -1 1127 -1 608 -1 -1 -1 1064 347 527 -1 -1 811 1186 256 432 -1 699 -1 -1 1494 535 220 190 -1 1034 -1 -1 1659 1319 527 1064 1711 739 155 -1 -1 432 -1 -1 835 -1 -1 -1 -1 1008 -1 -1 -1 -1 1139 1210 -1 1894 -1 -1 -1 1008 404 1456 -1 739 531 -1 811 578 151 1160 99 1811 -1 -1 547 -1 751 -1 1660 1234 -1 -1 -1 1239 231 -1 -1 1754 412 692 395 1131 751 -1 -1 1680 1916 -1 -1 -1 -1 -1 1721 1127 -1 1390 1602 -1 811 -1 1127 151 24 1064 1390 518 -1 1534 -1 -1 -1 726 -1 1754 -1 412 1698 578 1120 518 -1 311 1120 518 -1 1659 -1 -1 -1 -1 399 -1 -1 -1 715 -1 -1 -1 -1 -1 -1 -1 -1 -1 -1 1754 548 1344 -1 1427 347 -1 -1 -1 -1 -1 1119 -1 811 -1 899 -1 -1 726 1119 -1 155 -1 51 -1 -1 726 -1 163 -1 -1 167 1819 1084 -1 -1 432 -1 -1 1390 894 -1 1530 -1 -1 347 -1 -1 1127 108 -1 -1 1767 -1 -1 1986 -1 443 1064 -1 432 -1 1369 -1 1127 -1 1390 1611 -1 -1 -1 1390 568 -1 574 -1 -1 839 -1 558 1494 -1 -1 -1 1970 -1 -1 -1 107 -1 1930 190 83 -1 -1 -1 882 -1 -1 395 539 839 -1 -1 432 -1 -1 814 1634 -1 -1 
1e+09 0.559259 0.0819086 1e+09 0.410355 1e+09 0.34031 0.266987 0.556107 0.504387 0.16578 1e+09 0.586162 0.374146 0.400221 0.205128 0.245573 0.502981 0.453983 0.226715 0.301178 0.285544 0.076842 1e+09 0.21396 0.333321 0.505403 0.294177 0.328537 0.452466 0.250692 0.369774 0.252744 0.399705 0.347424 0.537696 1e+09 0.373841 0.35224 0.198553 0.252941 1e+09 1e+09 0.332725 0.428543 1e+09 0.318743 0.386832 0.234328 0.363587 0.271641 0.109149 0.201445 0.243478 1e+09 1e+09 1e+09 1e+09 0.316086 0.309079 0.465215 0.327763 0.224697 0.458516 0.266631 0.293082 1e+09 0.285143 0.269056 0.39211 1e+09 1e+09 0.349809 0.387853 0.374244 0.261593 0.20363 0.259807 1e+09 1e+09 0.23812 0.357109 0.267295 0.132893 0.336626 1e+09 1e+09 0.339256 0.251012 0.339918 0.278366 1e+09 0.313274 0.298865 0.223251 0.291171 1e+09 1e+09 0.295971 0.285596 1e+09 0.265227 0.098576 1e+09 0.316964 0.373954 0.318672 0.222373 0.114317 0.288003 0.326207 1e+09 1e+09 0.375656 0.266134 0.4014 0.251259 0.385648 0.213869 0.461852 1e+09 0.390097 0.362135 0.323442 1e+09 1e+09 0.318725 1e+09 0.241133 0.392581 0.43484 1e+09 0.386734 0.327223 0.230744 0.481962 0.309542 0.358931 1e+09 1e+09 0.300344 0.294267 1e+09 1e+09 0.270005 0.291682 1e+09 0.478727 0.236339 1e+09 0.369764 0.191406 0.326537 1e+09 1e+09 0.218447 0.330267 0.354763 0.399206 1e+09 0.335767 1e+09 1e+09 0.311717 0.22521 0.301459 0.304059 0.107238 1e+09 0.348721 0.341316 0.223856 0.274581 1e+09 0.390057 0.216933 1e+09 1e+09 0.341953 0.297456 0.283588 1e+09 1e+09 0.419716 0.242775 0.312281 0.316258 0.274382 1e+09 0.214675 0.132463 1e+09 0.407334 0.326682 0.220668 1e+09 0.358395 1e+09 0.346137 0.298325 0.276365 0.25527 0.253725 0.194866 0.391689 0.36029 0.294893 0.499963 0.257128 0.452835 0.41034 0.373264 0.337441 1e+09 1e+09 0.38961 0.353874 0.387701 0.385686 0.263667 0.188758 0.2707 1e+09 1e+09 1e+09 0.358571 0.274747 0.446499 0.353368 1e+09 0.383816 0.257106 1e+09 1e+09 0.367567 0.282445 1e+09 0.349815 0.274387 0.365153 0.3656 0.357528 0.270124 0.265233 0.300164 1e+09 1e+09 0.268564 0.294488 0.348387 0.304475 0.355149 0.335206 0.329478 0.32213 0.259166 0.222335 1e+09 1e+09 0.317549 0.369626 0.383997 0.224131 0.239979 0.302425 0.295234 0.256146 0.267626 0.300899 0.437162 1e+09 1e+09 0.295034 1e+09 1e+09 0.26821 1e+09 1e+09 0.25343 0.252965 1e+09 1e+09 0.314474 0.2605 0.383934 0.424933 0.255984 0.118425 0.342644 0.451686 1e+09 0.213534 1e+09 0.379857 1e+09 1e+09 0.359911 0.485151 0.426 0.311598 0.353673 0.344302 0.242528 0.219102 1e+09 0.4307 0.295453 0.321332 1e+09 1e+09 0.326031 0.290805 1e+09 0.366798 0.320888 1e+09 0.30463 0.367561 0.329446 0.35114 0.242604 1e+09 1e+09 0.212476 1e+09 0.148781 1e+09 1e+09 0.207014 0.249703 0.277568 0.368714 1e+09 0.32119 0.24566 0.308597 1e+09 1e+09 0.367368 0.213719 1e+09 1e+09 0.333484 0.314517 0.28072 0.281416 0.234094 0.0536156 0.313976 0.365225 0.233918 0.255501 0.222285 0.300844 1e+09 0.207093 0.223574 0.330452 0.318603 0.145954 0.282808 0.260332 0.174989 1e+09 1e+09 0.368015 0.297654 0.213463 1e+09 0.364334 0.222096 0.428044 0.0690441 0.251511 1e+09 1e+09 0.232419 0.354746 0.384058 0.365974 0.200437 0.305384 1e+09 0.226738 0.321539 0.321459 0.236588 0.419517 0.459605 0.347298 0.233303 0.400262 1e+09 0.424156 0.267846 0.187474 1e+09 1e+09 0.315685 0.157875 0.262997 0.198472 0.187781 1e+09 0.225464 1e+09 1e+09 1e+09 0.307995 1e+09 0.229918 0.213738 0.324869 0.368098 1e+09 1e+09 0.145823 0.317579 1e+09 1e+09 0.44334 0.37953 0.224949 0.33027 0.343269 0.402678 0.27183 0.240197 0.399457 0.231799 0.285672 0.247209 0.180747 0.300757 0.336227 0.310474 0.447856 1e+09 0.239067 0.318888 0.229164 1e+09 0.334888 0.16761 0.196149 0.338605 1e+09 1e+09 0.247277 0.331538 0.415708 0.251665 0.320128 0.428903 0.326975 0.218195 0.148941 0.332208 1e+09 1e+09 0.168154 0.258326 0.241694 0.383318 0.510948 0.380841 0.227785 1e+09 1e+09 0.249613 0.27209 1e+09 0.41317 1e+09 0.34534 0.343317 0.240376 0.362116 0.428616 0.251409 0.290504 0.320591 0.296348 0.362022 1e+09 1e+09 0.272778 0.333408 1e+09 1e+09 1e+09 0.309886 0.250265 0.40885 1e+09 1e+09 1e+09 1e+09 0.235374 1e+09 0.260361 1e+09 0.39633 0.235883 0.253653 0.224425 0.244926 0.21474 1e+09 1e+09 0.316915 0.368608 1e+09 0.282894 0.249424 0.35396 1e+09 0.363905 0.209629 0.398865 1e+09 1e+09 0.402599 0.298852 0.222891 0.297954 0.305733 0.20667 0.262633 0.432261 1e+09 0.261023 0.288611 0.291391 1e+09 0.198845 0.312907 0.453045 0.306928 0.21204 1e+09 1e+09 1e+09 0.306955 0.368549 1e+09 0.347625 0.273457 0.347248 0.372841 1e+09 1e+09 0.248461 0.336054 1e+09 1e+09 0.369677 0.347051 0.206259 0.293828 0.44749 0.383141 0.218078 0.292383 0.193612 0.278163 0.395846 1e+09 0.163264 0.285879 0.267467 0.378534 1e+09 0.383942 0.322482 1e+09 1e+09 1e+09 0.213119 0.31834 0.344113 0.329911 0.283678 0.468654 1e+09 0.297872 0.278423 0.178303 0.28328 0.415783 1e+09 0.403292 0.393617 1e+09 0.383722 0.285819 0.430073 0.314931 0.21291 1e+09 0.285669 0.278494 0.275308 0.282593 0.209984 0.313607 0.440872 0.228793 0.215464 0.302613 0.348681 0.339443 0.24565 0.358011 1e+09 0.384748 0.328662 0.350914 0.251976 0.196691 1e+09 1e+09 0.239581 0.388254 0.347685 0.363851 0.353327 0.26751 0.261603 1e+09 0.228456 0.210539 0.332688 0.356621 0.375327 1e+09 1e+09 1e+09 0.282369 0.339981 0.299283 0.286852 0.29723 0.149239 0.284769 0.397496 1e+09 0.415559 0.380398 1e+09 0.366169 0.29703 0.377019 0.245219 0.292252 0.355635 0.283988 0.312167 0.305252 1e+09 0.324317 0.413048 0.22962 0.427015 1e+09 0.406095 0.323901 1e+09 0.333435 0.301706 0.238377 0.529464 0.114884 0.264022 0.226904 1e+09 0.209838 0.257711 0.320766 0.402763 0.236446 0.237706 0.244543 0.155317 1e+09 0.394388 1e+09 1e+09 0.269304 0.368735 0.33079 0.22586 0.297774 0.408723 1e+09 0.446901 0.338362 0.332132 0.335238 0.205436 1e+09 1e+09 0.228551 0.320462 0.178202 0.256051 1e+09 1e+09 0.26083 0.283635 0.20597 0.14676 0.332862 1e+09 0.429007 0.275087 0.366192 0.287784 0.20536 1e+09 0.282818 0.306702 1e+09 0.180283 0.166553 0.248989 0.0474796 1e+09 1e+09 0.211956 0.267003 0.349443 0.305095 0.442787 1e+09 1e+09 0.425091 1e+09 1e+09 0.301615 0.176921 0.296273 0.267001 0.366626 0.303987 0.423414 1e+09 0.377361 0.287967 1e+09 1e+09 0.141646 0.446317 0.369682 0.211178 1e+09 0.3683 1e+09 1e+09 0.316068 0.227113 0.303173 0.297438 0.257531 0.208046 0.281085 0.284534 0.203008 0.304382 0.496639 1e+09 0.375653 0.345572 0.327899 0.33477 0.221728 1e+09 0.339806 0.189396 1e+09 0.248327 0.290128 0.324011 0.243664 0.250209 0.350235 0.345113 0.264594 0.303749 1e+09 1e+09 0.198042 0.184165 0.28822 0.256066 0.311216 0.157031 0.229406 0.171553 1e+09 0.157464 0.286139 0.0555646 1e+09 0.123148 0.266436 0.313832 1e+09 0.30341 1e+09 0.229405 0.159166 1e+09 0.431103 0.306934 1e+09 0.192959 0.290084 0.280063 0.0876686 0.326958 0.36404 0.38311 1e+09 1e+09 0.347716 0.257834 0.18385 1e+09 1e+09 0.230001 0.390124 0.329865 0.4648 0.27513 0.201267 0.220296 1e+09 1e+09 0.131121 0.404923 0.420319 0.295661 0.293719 0.185504 0.327446 0.280712 1e+09 0.386252 1e+09 0.315839 0.290738 0.296428 0.390485 1e+09 1e+09 0.238912 1e+09 0.373713 0.194869 1e+09 1e+09 0.309345 0.298097 0.283478 0.298783 0.100054 0.188081 0.300266 0.316513 0.254851 0.37603 1e+09 0.295896 0.210822 0.188316 0.288951 0.481235 0.391699 0.371026 0.240698 0.281557 0.126835 1e+09 0.22226 0.361364 0.3388 0.245161 0.280606 0.454927 1e+09 0.319416 1e+09 0.423693 0.233028 0.300019 0.245709 0.292168 0.259186 0.131154 0.307395 0.323514 0.230092 1e+09 0.324348 1e+09 1e+09 0.379154 0.272808 0.352516 0.431774 0.411964 0.108027 0.262524 1e+09 1e+09 1e+09 1e+09 0.330153 0.294838 1e+09 0.398865 0.276349 0.259675 0.204789 0.338664 0.402135 0.353755 1e+09 1e+09 0.313369 0.323708 0.351148 1e+09 0.272233 0.129202 1e+09 0.29748 0.0759203 1e+09 0.27245 0.257413 0.245897 0.190187 0.299752 0.325781 1e+09 0.303576 1e+09 0.367011 0.264186 1e+09 0.217079 0.289872 0.316386 0.23434 0.36526 0.394957 0.32864 0.320135 1e+09 0.355434 0.327668 1e+09 0.200748 1e+09 1e+09 1e+09 0.357258 0.385098 0.246318 0.23056 0.212933 0.324935 0.319863 0.210026 0.257522 0.406095 1e+09 0.228406 1e+09 0.230414 1e+09 1e+09 0.203888 0.318378 0.383555 1e+09 0.315946 0.30877 0.295103 0.423082 0.234821 0.28356 0.331625 0.29301 0.357079 0.348075 1e+09 1e+09 0.219979 0.283044 0.271553 0.218192 0.253148 0.234521 0.27779 1e+09 0.133605 0.34814 1e+09 0.312306 1e+09 0.339545 0.350833 0.344839 0.267832 0.290071 0.322269 0.164168 1e+09 1e+09 0.298955 0.328578 1e+09 1e+09 0.321573 0.335502 1e+09 0.200237 0.114338 1e+09 0.334844 0.299496 0.169889 0.317211 1e+09 0.302083 0.296521 1e+09 1e+09 1e+09 0.339719 0.350304 0.372857 1e+09 1e+09 0.408401 0.392402 0.325151 0.288241 0.243559 0.362991 0.297979 0.240816 1e+09 0.309479 0.334473 0.332592 1e+09 1e+09 1e+09 0.348122 0.303519 0.0507712 0.245816 0.175272 1e+09 1e+09 1e+09 0.330872 0.302047 0.346797 0.377821 0.380767 0.355698 0.290346 0.274438 0.178661 0.184296 0.247616 0.27977 0.224913 0.13556 0.226787 0.381792 0.436968 0.23899 1e+09 0.290795 0.291642 0.418993 0.258029 0.206477 0.238996 0.26732 0.286563 0.287714 1e+09 0.187535 0.216725 0.265129 0.258009 0.20675 1e+09 1e+09 0.462653 0.287231 0.440077 0.39684 0.252768 0.246401 0.32512 1e+09 0.207967 0.382178 0.360136 0.423367 0.318827 0.25131 0.205552 0.244998 0.334286 0.238547 0.343265 1e+09 0.266151 0.104004 0.302546 0.3033 0.306696 0.198684 1e+09 0.416517 0.381826 0.317607 0.224799 0.244309 0.317321 0.149538 0.360801 1e+09 1e+09 1e+09 1e+09 0.380139 0.33028 0.312499 1e+09 1e+09 0.312722 0.414048 0.249209 1e+09 1e+09 0.21626 1e+09 1e+09 0.276513 0.399973 0.157926 0.32952 0.286708 1e+09 0.364673 0.365476 0.306803 0.354748 0.260269 0.433799 0.324567 0.243903 0.432188 0.372716 0.224302 0.305013 0.234299 1e+09 0.436434 0.303098 0.355735 0.286378 0.215597 0.324565 1e+09 1e+09 0.226039 0.316041 0.310259 0.286994 0.269606 0.142502 0.216908 1e+09 0.304945 0.246714 0.331689 0.435151 1e+09 0.231548 0.237005 0.403074 1e+09 0.357205 0.250263 1e+09 0.290815 0.278997 1e+09 0.341718 0.237542 1e+09 0.190847 0.382173 1e+09 0.313527 0.239969 0.35857 0.370557 1e+09 0.321931 1e+09 1e+09 0.245864 0.203483 0.293219 1e+09 0.1682 0.317807 0.343109 0.364901 0.238793 0.354909 0.30545 0.157037 0.278235 0.341449 1e+09 0.427255 0.278519 1e+09 0.380753 0.252191 0.160966 0.238956 0.408157 0.389911 0.466424 0.380954 0.426963 0.309982 0.316374 0.278868 0.310151 0.266718 0.414235 0.344767 0.382416 0.328319 0.280288 0.192 1e+09 1e+09 1e+09 0.181787 0.223826 1e+09 1e+09 0.120488 0.287976 0.24571 0.397309 1e+09 1e+09 0.30987 1e+09 1e+09 1e+09 0.387767 0.283443 0.393179 0.333374 0.284244 0.231244 0.167781 0.353074 0.276927 1e+09 0.186308 0.324183 0.370969 1e+09 0.365331 0.308719 0.157792 1e+09 1e+09 1e+09 0.273417 0.321236 0.32093 1e+09 0.428836 0.25981 1e+09 0.418667 0.354972 0.334646 0.256661 1e+09 0.359238 0.214322 1e+09 0.402215 0.252947 1e+09 0.289746 0.332951 0.286975 0.153508 1e+09 0.3511 0.266101 1e+09 0.297129 0.450405 1e+09 1e+09 0.316198 0.357511 0.227935 0.236572 0.221594 0.320637 0.290988 0.146597 0.274574 0.297757 0.0948643 1e+09 0.294578 0.299305 0.268729 0.21164 0.280859 0.38695 1e+09 1e+09 0.396782 0.329483 0.203826 0.432008 1e+09 0.341728 0.333406 1e+09 0.232904 0.387238 0.224115 0.344617 0.28403 0.290665 0.18823 0.180663 0.187602 0.23954 0.289644 0.210563 0.433745 0.343002 0.349893 1e+09 0.285797 0.283281 1e+09 0.16223 1e+09 0.331223 0.15032 1e+09 0.225577 0.30025 0.362817 0.324476 0.183057 0.305059 0.145515 1e+09 1e+09 0.38431 0.270727 0.447655 0.380863 0.363584 0.305995 0.342167 0.0987394 1e+09 1e+09 1e+09 0.238954 0.329555 0.207264 0.237528 0.247888 0.334431 0.2426 0.139633 0.289723 0.362114 1e+09 1e+09 0.245493 0.212339 0.216074 0.148395 0.285115 0.3277 0.302695 1e+09 0.247884 0.369726 0.291909 0.221142 0.251259 0.29022 0.212901 0.134628 0.207865 0.269651 0.326755 0.414691 0.295774 0.285062 0.202647 1e+09 0.254106 1e+09 0.349376 0.272245 0.0882144 0.302867 1e+09 1e+09 0.286567 0.451322 1e+09 0.316414 0.274709 1e+09 0.417762 0.265462 1e+09 0.287279 0.237331 0.132591 0.26532 0.318911 1e+09 1e+09 0.237632 1e+09 1e+09 0.219663 0.29499 0.261672 0.249515 0.263681 0.260314 1e+09 0.298046 0.193355 0.225493 0.332935 0.431275 0.35141 0.26249 0.290794 0.235111 0.0884235 1e+09 0.280791 0.31046 0.360449 0.146082 0.326191 1e+09 1e+09 0.297828 0.401408 1e+09 1e+09 0.325218 0.278242 0.176353 0.236323 0.287155 0.332304 1e+09 0.357199 0.187665 0.357035 0.358071 0.284206 0.18759 0.221518 0.233726 1e+09 0.261736 0.255496 0.31125 1e+09 1e+09 0.281841 0.279374 0.434591 0.201445 0.285933 0.175915 1e+09 0.297153 0.239175 1e+09 1e+09 0.23132 0.404989 1e+09 0.372375 1e+09 0.359524 0.301884 1e+09 0.378978 0.335625 0.235185 0.422839 0.384959 1e+09 1e+09 0.347227 0.247805 1e+09 1e+09 0.231857 0.234755 0.291516 0.366897 1e+09 0.36802 0.365675 1e+09 1e+09 0.321131 0.300789 0.198902 0.22764 0.202599 0.267113 0.275974 0.367553 0.279234 0.488609 1e+09 0.181635 0.313403 1e+09 0.33141 0.301816 1e+09 0.353049 0.240329 1e+09 1e+09 0.270006 0.186423 1e+09 0.300678 0.371286 0.305968 0.213705 0.398614 0.379882 0.245149 0.331285 0.195692 0.201772 0.152523 1e+09 0.426918 1e+09 0.250308 0.35994 0.313866 0.348219 0.35915 1e+09 1e+09 0.369048 1e+09 1e+09 0.416671 1e+09 0.280547 0.305107 1e+09 0.28977 0.294957 1e+09 1e+09 1e+09 0.326254 0.256207 0.366855 1e+09 0.252597 0.262002 0.334893 0.482296 0.2598 0.187959 0.344799 0.362054 0.347571 0.309733 1e+09 1e+09 0.375261 0.242026 0.306579 0.401074 1e+09 1e+09 0.306594 0.463699 0.193479 0.326637 0.215867 0.365993 0.215243 0.36992 0.366568 0.227293 0.285144 0.250632 0.356324 0.3206 0.281758 0.198941 0.250969 0.377178 0.370787 0.275926 0.329025 1e+09 0.481087 0.285055 0.4008 0.235603 0.278043 0.0910033 0.170195 0.310653 0.344013 0.301408 1e+09 1e+09 0.322015 0.340829 0.199971 0.369866 0.297536 1e+09 1e+09 0.362191 0.378316 1e+09 0.342565 0.223216 0.246285 0.397488 0.181549 0.280987 0.347089 0.318561 0.349595 0.39764 0.368839 0.335437 0.267741 0.328958 1e+09 0.443379 0.206409 0.336267 1e+09 1e+09 1e+09 0.318363 0.265519 1e+09 1e+09 1e+09 0.269069 0.369637 1e+09 0.308526 0.278939 0.449318 0.2645 0.277518 0.308678 0.18292 1e+09 0.431225 0.309743 0.440815 0.366734 1e+09 1e+09 0.330036 1e+09 0.244043 1e+09 1e+09 0.415166 0.341457 0.241571 0.241225 0.248003 1e+09 1e+09 0.219651 1e+09 0.318059 0.217918 1e+09 0.203252 0.305599 0.300896 0.289272 1e+09 1e+09 1e+09 0.243028 0.165069 0.323913 1e+09 1e+09 0.350244 0.3599 0.371452 0.317022 0.278184 0.330945 0.144929 1e+09 0.278796 0.325913 0.306457 0.265296 0.294234 0.367297 1e+09 1e+09 0.192736 0.261379 0.304433 0.176657 0.319561 0.451811 0.317684 0.207222 1e+09 0.390485 0.304581 1e+09 0.28223 1e+09 1e+09 0.194203 0.27707 0.309198 1e+09 1e+09 1e+09 1e+09 0.335169 0.371148 1e+09 0.267716 0.0456514 1e+09 0.287451 0.284779 0.325738 0.343442 0.310063 0.427961 0.347495 0.226475 0.358445 0.335327 0.359847 0.320412 0.416653 0.346619 0.224138 0.254787 0.406622 1e+09 0.273251 0.237433 0.345524 0.314233 1e+09 1e+09 0.304618 0.373859 0.365562 0.239131 0.278583 0.366571 0.41563 0.385849 0.306329 0.303275 0.273396 0.149855 0.266151 0.410149 0.406226 1e+09 0.312279 1e+09 1e+09 1e+09 0.440857 0.319134 0.249098 0.393608 0.373816 1e+09 0.258629 0.250109 0.245228 0.290784 0.324233 0.237379 0.363344 0.321388 0.227653 0.298769 1e+09 1e+09 1e+09 0.247956 0.265032 0.286755 1e+09 0.473778 0.380928 0.357161 0.302755 0.343591 1e+09 0.382576 0.355984 0.333703 1e+09 0.268539 0.291582 1e+09 1e+09 1e+09 0.253967 0.133966 0.293362 1e+09 0.386977 0.252403 1e+09 1e+09 0.274762 0.35751 1e+09 1e+09 0.295993 0.353074 0.267389 0.376845 0.459765 0.394567 1e+09 0.28127 0.178663 1e+09 0.31319 1e+09 1e+09 0.359048 0.382452 1e+09 0.247335 0.209185 0.284467 1e+09 1e+09 0.218354 0.345571 1e+09 0.298744 0.225218 0.27314 1e+09 1e+09 0.232811 0.309823 0.488581 1e+09 1e+09 0.240298 0.367613 0.323778 0.199845 0.35108 0.337654 0.305348 1e+09 0.375076 0.355349 0.233528 0.431754 1e+09 1e+09 0.234501 1e+09 1e+09 0.259513 0.253902 1e+09 0.104053 0.296193 1e+09 1e+09 0.213145 1e+09 0.279038 0.215648 0.199793 0.291153 0.372367 0.452711 1e+09 0.362345 0.234464 0.372273 0.386219 1e+09 0.352407 0.263896 0.347693 0.299464 0.283453 0.459015 0.388824 1e+09 0.259317 0.203536 0.310899 0.292836 0.166223 1e+09 0.333661 0.382479 1e+09 1e+09 0.227641 0.36382 0.195936 0.351657 0.213393 0.313544 0.125482 1e+09 1e+09 0.301444 0.0832982 1e+09 0.318551 0.335389 0.27218 0.149824 0.210994 0.296074 0.342181 1e+09 0.403232 0.3672 0.267882 1e+09 
